{"nbformat":4,"nbformat_minor":0,"metadata":{"colab":{"name":"이영서_1004.ipynb","provenance":[],"collapsed_sections":["4FxcIF1nsTOV"]},"kernelspec":{"name":"python3","display_name":"Python 3"},"language_info":{"name":"python"}},"cells":[{"cell_type":"markdown","metadata":{"id":"0QEdyOVa7Wt6"},"source":["# PCA 와 Linear Regression "]},{"cell_type":"code","metadata":{"id":"qijkCTLfcPM0","executionInfo":{"status":"ok","timestamp":1633480242491,"user_tz":-540,"elapsed":4656,"user":{"displayName":"서야로그","photoUrl":"https://lh3.googleusercontent.com/a-/AOh14GjU2SC0O2FCtWWagJEknboCBb2OgLA1mzQesLCX=s64","userId":"15320314793910761850"}}},"source":["!apt-get install -y fonts-nanum > /dev/null\n","!fc-cache -fv > /dev/null\n","!rm -rf ~/.cache/matplotlib > /dev/null"],"execution_count":3,"outputs":[]},{"cell_type":"code","metadata":{"colab":{"base_uri":"https://localhost:8080/"},"id":"Nh7mpU85cQ5I","executionInfo":{"status":"ok","timestamp":1633480347685,"user_tz":-540,"elapsed":97188,"user":{"displayName":"서야로그","photoUrl":"https://lh3.googleusercontent.com/a-/AOh14GjU2SC0O2FCtWWagJEknboCBb2OgLA1mzQesLCX=s64","userId":"15320314793910761850"}},"outputId":"ef6a9063-f375-4687-a49f-485b37f18a83"},"source":["from google.colab import drive\n","drive.mount('/gdrive', force_remount=True)\n","drive.mount('/content/drive')"],"execution_count":1,"outputs":[{"output_type":"stream","name":"stdout","text":["Mounted at /gdrive\n","Mounted at /content/drive\n"]}]},{"cell_type":"code","metadata":{"id":"jPc33crccagb","executionInfo":{"status":"ok","timestamp":1633480351195,"user_tz":-540,"elapsed":990,"user":{"displayName":"서야로그","photoUrl":"https://lh3.googleusercontent.com/a-/AOh14GjU2SC0O2FCtWWagJEknboCBb2OgLA1mzQesLCX=s64","userId":"15320314793910761850"}}},"source":["import pandas as pd\n","import numpy as np\n","import seaborn as sns\n","\n","%matplotlib inline \n","import matplotlib.pyplot as plt\n","from IPython.display import set_matplotlib_formats\n","\n","import numpy as np\n","import matplotlib as mpl\n","import matplotlib.pyplot as plt\n","\n","# minus 표시\n","mpl.rcParams['axes.unicode_minus']=False\n","plt.rc('font',family='NanumBarunGothic')"],"execution_count":2,"outputs":[]},{"cell_type":"code","metadata":{"id":"pITAf-yOcj5-","executionInfo":{"status":"ok","timestamp":1633480352574,"user_tz":-540,"elapsed":255,"user":{"displayName":"서야로그","photoUrl":"https://lh3.googleusercontent.com/a-/AOh14GjU2SC0O2FCtWWagJEknboCBb2OgLA1mzQesLCX=s64","userId":"15320314793910761850"}}},"source":["import warnings\n","\n","warnings.filterwarnings(action='ignore') "],"execution_count":3,"outputs":[]},{"cell_type":"code","metadata":{"id":"AIWyMbfgcmPC","executionInfo":{"status":"ok","timestamp":1633480354045,"user_tz":-540,"elapsed":260,"user":{"displayName":"서야로그","photoUrl":"https://lh3.googleusercontent.com/a-/AOh14GjU2SC0O2FCtWWagJEknboCBb2OgLA1mzQesLCX=s64","userId":"15320314793910761850"}}},"source":["healthcare = '/content/drive/MyDrive/4조_헬스케어/자료파일/1차전처리/컬럼정리.csv'\n","map = '/content/drive/MyDrive/4조_헬스케어/자료파일/1차전처리/회피가능사망율(의료지도).csv'"],"execution_count":4,"outputs":[]},{"cell_type":"markdown","metadata":{"id":"e0xfHHlZdODl"},"source":["* 데이터 불러오기"]},{"cell_type":"code","metadata":{"id":"ddNf2FeYc1H7","executionInfo":{"status":"ok","timestamp":1633480357992,"user_tz":-540,"elapsed":636,"user":{"displayName":"서야로그","photoUrl":"https://lh3.googleusercontent.com/a-/AOh14GjU2SC0O2FCtWWagJEknboCBb2OgLA1mzQesLCX=s64","userId":"15320314793910761850"}}},"source":["data = pd.read_csv(healthcare)\n","die = pd.read_csv(map)"],"execution_count":5,"outputs":[]},{"cell_type":"code","metadata":{"colab":{"base_uri":"https://localhost:8080/"},"id":"F3nIyAWaerPb","executionInfo":{"status":"ok","timestamp":1633480359002,"user_tz":-540,"elapsed":7,"user":{"displayName":"서야로그","photoUrl":"https://lh3.googleusercontent.com/a-/AOh14GjU2SC0O2FCtWWagJEknboCBb2OgLA1mzQesLCX=s64","userId":"15320314793910761850"}},"outputId":"26720d6d-df55-4e60-e421-02856f972bdc"},"source":["data.columns"],"execution_count":6,"outputs":[{"output_type":"execute_result","data":{"text/plain":["Index(['Unnamed: 0', '시도코드', '시도명', '십만명당 회피가능사망수', '총 인구', '주민등록인구',\n","       '면적(2019)', '인구당 요양급여비', '인구당 입내원일수', '천명당 의료인수', '천명당 의사수', '천명당 간호사수',\n","       '면적당 의료인수', '면적당 의료인수(상급)', '면적당 의료인수(상급+종합)', '면적당 의료인수(종합)',\n","       '면적당 의료인수(병원)', '면적당 의료인수(의원)', '천명당 병상수', '천명당 요양기관수', '천명당 요양기관수(상급)',\n","       '천명당 요양기관수(상급+종합)', '천명당 요양기관수(종합)', '천명당 요양기관수(병원)', '천명당 요양기관수(의원)',\n","       '면적당 요양기관수', '면적당 요양기관수(상급)', '면적당 요양기관수(상급+종합)', '면적당 요양기관수(종합)',\n","       '면적당 요양기관수(병원)', '면적당 요양기관수(의원)'],\n","      dtype='object')"]},"metadata":{},"execution_count":6}]},{"cell_type":"code","metadata":{"colab":{"base_uri":"https://localhost:8080/"},"id":"lWaJgZoAdrSt","executionInfo":{"status":"ok","timestamp":1633409512029,"user_tz":-540,"elapsed":260,"user":{"displayName":"서야로그","photoUrl":"https://lh3.googleusercontent.com/a-/AOh14GjU2SC0O2FCtWWagJEknboCBb2OgLA1mzQesLCX=s64","userId":"15320314793910761850"}},"outputId":"ece6d2fd-8b4e-449e-c2d4-a11ea0297da2"},"source":["die.columns"],"execution_count":null,"outputs":[{"output_type":"execute_result","data":{"text/plain":["Index(['Unnamed: 0', '시도코드', '시도명', '대상자건수', '지표비율'], dtype='object')"]},"metadata":{},"execution_count":20}]},{"cell_type":"code","metadata":{"colab":{"base_uri":"https://localhost:8080/","height":451},"id":"Nstb-qb2e3zB","executionInfo":{"status":"ok","timestamp":1633409513693,"user_tz":-540,"elapsed":313,"user":{"displayName":"서야로그","photoUrl":"https://lh3.googleusercontent.com/a-/AOh14GjU2SC0O2FCtWWagJEknboCBb2OgLA1mzQesLCX=s64","userId":"15320314793910761850"}},"outputId":"76dd5a98-b87a-4b94-a594-a221930f59d9"},"source":["data = data.join(die['지표비율'])\n","data.head(3)"],"execution_count":null,"outputs":[{"output_type":"execute_result","data":{"text/html":["<div>\n","<style scoped>\n","    .dataframe tbody tr th:only-of-type {\n","        vertical-align: middle;\n","    }\n","\n","    .dataframe tbody tr th {\n","        vertical-align: top;\n","    }\n","\n","    .dataframe thead th {\n","        text-align: right;\n","    }\n","</style>\n","<table border=\"1\" class=\"dataframe\">\n","  <thead>\n","    <tr style=\"text-align: right;\">\n","      <th></th>\n","      <th>Unnamed: 0</th>\n","      <th>시도코드</th>\n","      <th>시도명</th>\n","      <th>십만명당 회피가능사망수</th>\n","      <th>총 인구</th>\n","      <th>주민등록인구</th>\n","      <th>면적(2019)</th>\n","      <th>인구당 요양급여비</th>\n","      <th>인구당 입내원일수</th>\n","      <th>천명당 의료인수</th>\n","      <th>천명당 의사수</th>\n","      <th>천명당 간호사수</th>\n","      <th>면적당 의료인수</th>\n","      <th>면적당 의료인수(상급)</th>\n","      <th>면적당 의료인수(상급+종합)</th>\n","      <th>면적당 의료인수(종합)</th>\n","      <th>면적당 의료인수(병원)</th>\n","      <th>면적당 의료인수(의원)</th>\n","      <th>천명당 병상수</th>\n","      <th>천명당 요양기관수</th>\n","      <th>천명당 요양기관수(상급)</th>\n","      <th>천명당 요양기관수(상급+종합)</th>\n","      <th>천명당 요양기관수(종합)</th>\n","      <th>천명당 요양기관수(병원)</th>\n","      <th>천명당 요양기관수(의원)</th>\n","      <th>면적당 요양기관수</th>\n","      <th>면적당 요양기관수(상급)</th>\n","      <th>면적당 요양기관수(상급+종합)</th>\n","      <th>면적당 요양기관수(종합)</th>\n","      <th>면적당 요양기관수(병원)</th>\n","      <th>면적당 요양기관수(의원)</th>\n","      <th>지표비율</th>\n","    </tr>\n","  </thead>\n","  <tbody>\n","    <tr>\n","      <th>0</th>\n","      <td>0</td>\n","      <td>11</td>\n","      <td>서울특별시</td>\n","      <td>66.496942</td>\n","      <td>9639541</td>\n","      <td>9729107</td>\n","      <td>605237001.6</td>\n","      <td>19486.007369</td>\n","      <td>0.434774</td>\n","      <td>11.805914</td>\n","      <td>3.120430</td>\n","      <td>5.419511</td>\n","      <td>0.000128</td>\n","      <td>0.000054</td>\n","      <td>0.000086</td>\n","      <td>0.000032</td>\n","      <td>0.000013</td>\n","      <td>0.000028</td>\n","      <td>9.1</td>\n","      <td>0.917248</td>\n","      <td>0.001349</td>\n","      <td>0.005913</td>\n","      <td>0.004565</td>\n","      <td>0.023653</td>\n","      <td>0.895063</td>\n","      <td>0.000015</td>\n","      <td>2.147919e-08</td>\n","      <td>9.417798e-08</td>\n","      <td>7.269879e-08</td>\n","      <td>3.767119e-07</td>\n","      <td>0.000014</td>\n","      <td>100.0</td>\n","    </tr>\n","    <tr>\n","      <th>1</th>\n","      <td>1</td>\n","      <td>21</td>\n","      <td>부산광역시</td>\n","      <td>86.370176</td>\n","      <td>3372692</td>\n","      <td>3413841</td>\n","      <td>770073413.2</td>\n","      <td>25404.979491</td>\n","      <td>0.567675</td>\n","      <td>10.846434</td>\n","      <td>2.345745</td>\n","      <td>5.423217</td>\n","      <td>0.000029</td>\n","      <td>0.000008</td>\n","      <td>0.000018</td>\n","      <td>0.000010</td>\n","      <td>0.000006</td>\n","      <td>0.000005</td>\n","      <td>20.5</td>\n","      <td>0.754575</td>\n","      <td>0.001186</td>\n","      <td>0.008598</td>\n","      <td>0.007412</td>\n","      <td>0.042103</td>\n","      <td>0.706854</td>\n","      <td>0.000003</td>\n","      <td>5.194310e-09</td>\n","      <td>3.765875e-08</td>\n","      <td>3.246444e-08</td>\n","      <td>1.843980e-07</td>\n","      <td>0.000003</td>\n","      <td>83.0</td>\n","    </tr>\n","    <tr>\n","      <th>2</th>\n","      <td>2</td>\n","      <td>22</td>\n","      <td>대구광역시</td>\n","      <td>61.359540</td>\n","      <td>2429940</td>\n","      <td>2438031</td>\n","      <td>883517307.5</td>\n","      <td>20611.235100</td>\n","      <td>0.458401</td>\n","      <td>10.700028</td>\n","      <td>2.423267</td>\n","      <td>5.150468</td>\n","      <td>0.000019</td>\n","      <td>0.000007</td>\n","      <td>0.000010</td>\n","      <td>0.000003</td>\n","      <td>0.000005</td>\n","      <td>0.000004</td>\n","      <td>15.6</td>\n","      <td>0.799826</td>\n","      <td>0.002058</td>\n","      <td>0.006585</td>\n","      <td>0.004527</td>\n","      <td>0.044857</td>\n","      <td>0.741994</td>\n","      <td>0.000002</td>\n","      <td>5.659199e-09</td>\n","      <td>1.810944e-08</td>\n","      <td>1.245024e-08</td>\n","      <td>1.233705e-07</td>\n","      <td>0.000002</td>\n","      <td>111.0</td>\n","    </tr>\n","  </tbody>\n","</table>\n","</div>"],"text/plain":["   Unnamed: 0  시도코드    시도명  ...  면적당 요양기관수(병원)  면적당 요양기관수(의원)   지표비율\n","0           0    11  서울특별시  ...   3.767119e-07       0.000014  100.0\n","1           1    21  부산광역시  ...   1.843980e-07       0.000003   83.0\n","2           2    22  대구광역시  ...   1.233705e-07       0.000002  111.0\n","\n","[3 rows x 32 columns]"]},"metadata":{},"execution_count":21}]},{"cell_type":"code","metadata":{"id":"oKDs1bFcfwri"},"source":["# data['Label']열 만들기 \n","data['Label'] = ''\n","for i in range(len(data['지표비율'])):\n","  if data['지표비율'][i] <= 90:\n","    data['Label'][i] = '우수'\n","  elif data['지표비율'][i] <= 100:\n","    data['Label'][i] = '보통'\n","  elif data['지표비율'][i] <= 110:\n","    data['Label'][i] = '열악'    \n","  else:\n","    data['Label'][i] = '매우열악'"],"execution_count":null,"outputs":[]},{"cell_type":"code","metadata":{"id":"uQlOz_dhgdey","executionInfo":{"status":"ok","timestamp":1633480377009,"user_tz":-540,"elapsed":269,"user":{"displayName":"서야로그","photoUrl":"https://lh3.googleusercontent.com/a-/AOh14GjU2SC0O2FCtWWagJEknboCBb2OgLA1mzQesLCX=s64","userId":"15320314793910761850"}}},"source":["del data['Unnamed: 0']"],"execution_count":8,"outputs":[]},{"cell_type":"code","metadata":{"id":"HZTo4AEHgXTk","executionInfo":{"status":"ok","timestamp":1633480378495,"user_tz":-540,"elapsed":265,"user":{"displayName":"서야로그","photoUrl":"https://lh3.googleusercontent.com/a-/AOh14GjU2SC0O2FCtWWagJEknboCBb2OgLA1mzQesLCX=s64","userId":"15320314793910761850"}}},"source":["data.columns = ['시도코드', '시도명','총 인구', '주민등록인구', '면적(2019)',\n","       '인구당 요양급여비', '인구당 입내원일수', '천명당 의료인수', '천명당 의사수', '천명당 간호사수', '면적당 의료인수',\n","       '면적당 의료인수(상급)', '면적당 의료인수(상급+종합)', '면적당 의료인수(종합)', '면적당 의료인수(병원)',\n","       '면적당 의료인수(의원)', '천명당 병상수', '천명당 요양기관수', '천명당 요양기관수(상급)',\n","       '천명당 요양기관수(상급+종합)', '천명당 요양기관수(종합)', '천명당 요양기관수(병원)', '천명당 요양기관수(의원)',\n","       '면적당 요양기관수', '면적당 요양기관수(상급)', '면적당 요양기관수(상급+종합)', '면적당 요양기관수(종합)',\n","       '면적당 요양기관수(병원)', '면적당 요양기관수(의원)', '십만명당 회피가능사망수']"],"execution_count":9,"outputs":[]},{"cell_type":"code","metadata":{"colab":{"base_uri":"https://localhost:8080/"},"id":"ywfe_w7KEclC","executionInfo":{"status":"ok","timestamp":1633482863803,"user_tz":-540,"elapsed":265,"user":{"displayName":"서야로그","photoUrl":"https://lh3.googleusercontent.com/a-/AOh14GjU2SC0O2FCtWWagJEknboCBb2OgLA1mzQesLCX=s64","userId":"15320314793910761850"}},"outputId":"b57d572f-7421-4550-e530-3889843149df"},"source":["data.info()"],"execution_count":15,"outputs":[{"output_type":"stream","name":"stdout","text":["<class 'pandas.core.frame.DataFrame'>\n","RangeIndex: 17 entries, 0 to 16\n","Data columns (total 30 columns):\n"," #   Column            Non-Null Count  Dtype  \n","---  ------            --------------  -----  \n"," 0   시도코드              17 non-null     int64  \n"," 1   시도명               17 non-null     object \n"," 2   총 인구              17 non-null     float64\n"," 3   주민등록인구            17 non-null     int64  \n"," 4   면적(2019)          17 non-null     int64  \n"," 5   인구당 요양급여비         17 non-null     float64\n"," 6   인구당 입내원일수         17 non-null     float64\n"," 7   천명당 의료인수          17 non-null     float64\n"," 8   천명당 의사수           17 non-null     float64\n"," 9   천명당 간호사수          17 non-null     float64\n"," 10  면적당 의료인수          17 non-null     float64\n"," 11  면적당 의료인수(상급)      17 non-null     float64\n"," 12  면적당 의료인수(상급+종합)   17 non-null     float64\n"," 13  면적당 의료인수(종합)      17 non-null     float64\n"," 14  면적당 의료인수(병원)      17 non-null     float64\n"," 15  면적당 의료인수(의원)      17 non-null     float64\n"," 16  천명당 병상수           17 non-null     float64\n"," 17  천명당 요양기관수         17 non-null     float64\n"," 18  천명당 요양기관수(상급)     17 non-null     float64\n"," 19  천명당 요양기관수(상급+종합)  17 non-null     float64\n"," 20  천명당 요양기관수(종합)     17 non-null     float64\n"," 21  천명당 요양기관수(병원)     17 non-null     float64\n"," 22  천명당 요양기관수(의원)     17 non-null     float64\n"," 23  면적당 요양기관수         17 non-null     float64\n"," 24  면적당 요양기관수(상급)     17 non-null     float64\n"," 25  면적당 요양기관수(상급+종합)  17 non-null     float64\n"," 26  면적당 요양기관수(종합)     17 non-null     float64\n"," 27  면적당 요양기관수(병원)     17 non-null     float64\n"," 28  면적당 요양기관수(의원)     17 non-null     float64\n"," 29  십만명당 회피가능사망수      17 non-null     float64\n","dtypes: float64(26), int64(3), object(1)\n","memory usage: 4.1+ KB\n"]}]},{"cell_type":"markdown","metadata":{"id":"4FxcIF1nsTOV"},"source":["# PCA 주성분 분석(실패)\n","- PCA 주성분 분석을 통해 분산값이 가장긴 지표를 활용해 Linear Regression을 진행했으나 이상한 값들이 도출되어 고려하지 않기로 함\n","  - 17개도시를 분석하는데 feature수가 부족했을 것이라 생각함 "]},{"cell_type":"code","metadata":{"id":"AOmjhYFlgZCu"},"source":["# 데이터 분리 \n","x = data[['인구당 요양급여비', '인구당 입내원일수', '천명당 의료인수', '천명당 의사수', '천명당 간호사수', '면적당 의료인수',\n","       '면적당 의료인수(상급)', '면적당 의료인수(상급+종합)', '면적당 의료인수(종합)', '면적당 의료인수(병원)',\n","       '면적당 의료인수(의원)', '천명당 병상수', '천명당 요양기관수', '천명당 요양기관수(상급)',\n","       '천명당 요양기관수(상급+종합)', '천명당 요양기관수(종합)', '천명당 요양기관수(병원)', '천명당 요양기관수(의원)',\n","       '면적당 요양기관수', '면적당 요양기관수(상급)', '면적당 요양기관수(상급+종합)', '면적당 요양기관수(종합)',\n","       '면적당 요양기관수(병원)', '면적당 요양기관수(의원)', '십만명당 회피가능사망수']].values\n","       \n","y = data['Label'].values"],"execution_count":null,"outputs":[]},{"cell_type":"code","metadata":{"colab":{"base_uri":"https://localhost:8080/"},"id":"I1K5UvhWhQgi","outputId":"a2f4d95e-0877-4c11-f8bf-0e575bf75c09"},"source":["# Scaler 값으로 면환 \n","from sklearn.preprocessing import StandardScaler\n","\n","x_std = StandardScaler().fit_transform(x)\n","\n","features = x_std.T\n","covariance_matrix = np.cov(features)\n","print(covariance_matrix)"],"execution_count":null,"outputs":[{"output_type":"stream","name":"stdout","text":["[[ 1.0625      0.4366947   0.56285851 -0.51869904 -0.58395153 -0.43294074\n","  -0.50283623 -0.42820956 -0.49448235 -0.50285277 -0.5643652  -0.47014627\n","   0.02573104 -0.64685301 -0.41544732  0.08636607  0.17139848 -0.11613063\n","  -0.64529954 -0.48804873 -0.51549188 -0.54845191 -0.53662515 -0.55839441\n","  -0.4823345 ]\n"," [ 0.4366947   1.0625      0.95828045  0.22039806 -0.0365991   0.32757916\n","  -0.40118637 -0.33723633 -0.39241953 -0.40178309 -0.39936598 -0.41060725\n","   0.73828928 -0.23623311  0.04205499  0.58924511  0.59056951  0.58601074\n","  -0.22842389 -0.40787527 -0.36424769 -0.39157668 -0.38376262 -0.38799435\n","  -0.40727896]\n"," [ 0.56285851  0.95828045  1.0625      0.02596301 -0.14003799  0.0797054\n","  -0.4789597  -0.40828626 -0.46901389 -0.47471316 -0.48797644 -0.482244\n","   0.61192938 -0.28339871  0.03170027  0.40442298  0.40476126  0.41719254\n","  -0.28454876 -0.48004254 -0.44921122 -0.48731407 -0.47826843 -0.47348092\n","  -0.47830475]\n"," [-0.51869904  0.22039806  0.02596301  1.0625      0.99419437  1.037004\n","   0.33686643  0.44934997  0.35972488  0.22097764  0.3237961   0.2692211\n","   0.62833534  0.75936985  0.73571914  0.55667541  0.41787703  0.76421642\n","   0.76405417  0.26517369  0.49052519  0.30000102  0.25893246  0.29681161\n","   0.26232591]\n"," [-0.58395153 -0.0365991  -0.14003799  0.99419437  1.0625      0.90284812\n","   0.54189482  0.67919744  0.57228096  0.38902795  0.47930542  0.47477877\n","   0.36460261  0.90340931  0.77266855  0.28935184  0.13867833  0.53212388\n","   0.92575446  0.46130695  0.70371283  0.44087234  0.38336413  0.43900836\n","   0.46087679]\n"," [-0.43294074  0.32757916  0.0797054   1.037004    0.90284812  1.0625\n","   0.23451679  0.33633824  0.25438709  0.13675512  0.23673187  0.17002919\n","   0.68128392  0.6253089   0.65035109  0.65661872  0.53665841  0.82878543\n","   0.63143721  0.16918618  0.37785893  0.21884708  0.18556558  0.21533713\n","   0.16584677]\n"," [-0.50283623 -0.40118637 -0.4789597   0.33686643  0.54189482  0.23451679\n","   1.0625      0.97185846  1.05907715  1.01950223  1.01626917  1.05775664\n","  -0.24459947  0.45747348  0.26312689 -0.26767702 -0.32507033 -0.10271868\n","   0.55800876  1.05388583  1.00999919  1.00621866  0.97386135  0.99620047\n","   1.05472473]\n"," [-0.42820956 -0.33723633 -0.40828626  0.44934997  0.67919744  0.33633824\n","   0.97185846  1.0625      1.00150852  0.81333012  0.82377726  0.9401172\n","  -0.24130561  0.62709876  0.38507829 -0.22368801 -0.30489024 -0.08596018\n","   0.72375274  0.91218169  1.04260092  0.79964143  0.73411808  0.77579829\n","   0.91727747]\n"," [-0.49448235 -0.39241953 -0.46901389  0.35972488  0.57228096  0.25438709\n","   1.05907715  1.00150852  1.0625      0.99494192  0.99034111  1.04898469\n","  -0.24912662  0.49221271  0.27521806 -0.26255744 -0.32229876 -0.10696748\n","   0.59349959  1.04051525  1.02665961  0.97967536  0.94098748  0.96561056\n","   1.04222623]\n"," [-0.50285277 -0.40178309 -0.47471316  0.22097764  0.38902795  0.13675512\n","   1.01950223  0.81333012  0.99494192  1.0625      1.04265715  1.03340839\n","  -0.22647729  0.28949049  0.12567874 -0.27086909 -0.30065757 -0.11578797\n","   0.38309581  1.04644292  0.88270275  1.04746701  1.04177086  1.04541976\n","   1.04438522]\n"," [-0.5643652  -0.39936598 -0.48797644  0.3237961   0.47930542  0.23673187\n","   1.01626917  0.82377726  0.99034111  1.04265715  1.0625      1.02052838\n","  -0.14744712  0.37374795  0.28572055 -0.22081875 -0.28198018 -0.00826747\n","   0.46111905  1.03589396  0.91676143  1.05201412  1.04127857  1.05887268\n","   1.03274412]\n"," [-0.47014627 -0.41060725 -0.482244    0.2692211   0.47477877  0.17002919\n","   1.05775664  0.9401172   1.04898469  1.03340839  1.02052838  1.0625\n","  -0.27963113  0.39413013  0.20680017 -0.29867237 -0.34524621 -0.14241766\n","   0.49642856  1.06005232  0.98008274  1.01279703  0.98628683  1.00431649\n","   1.06081659]\n"," [ 0.02573104  0.73828928  0.61192938  0.62833534  0.36460261  0.68128392\n","  -0.24459947 -0.24130561 -0.24912662 -0.22647729 -0.14744712 -0.27963113\n","   1.0625      0.06400213  0.43892562  0.76423805  0.68860907  0.95624846\n","   0.01503806 -0.26147139 -0.18677733 -0.1237525  -0.10939415 -0.12620562\n","  -0.26782463]\n"," [-0.64685301 -0.23623311 -0.28339871  0.75936985  0.90340931  0.6253089\n","   0.45747348  0.62709876  0.49221271  0.28949049  0.37374795  0.39413013\n","   0.06400213  1.0625      0.58226677  0.04561395 -0.07079445  0.19753795\n","   1.0478373   0.37455519  0.63357538  0.31975394  0.25760724  0.3268547\n","   0.37555448]\n"," [-0.41544732  0.04205499  0.03170027  0.73571914  0.77266855  0.65035109\n","   0.26312689  0.38507829  0.27521806  0.12567874  0.28572055  0.20680017\n","   0.43892562  0.58226677  1.0625      0.19213676 -0.01847243  0.56396142\n","   0.60150029  0.20470119  0.46328171  0.22103625  0.17387711  0.24268429\n","   0.20272661]\n"," [ 0.08636607  0.58924511  0.40442298  0.55667541  0.28935184  0.65661872\n","  -0.26767702 -0.22368801 -0.26255744 -0.27086909 -0.22081875 -0.29867237\n","   0.76423805  0.04561395  0.19213676  1.0625      1.04148472  0.68163178\n","  -0.01955809 -0.29536834 -0.20688979 -0.16083241 -0.14811971 -0.2058504\n","  -0.29998684]\n"," [ 0.17139848  0.59056951  0.40476126  0.41787703  0.13867833  0.53665841\n","  -0.32507033 -0.30489024 -0.32229876 -0.30065757 -0.28198018 -0.34524621\n","   0.68860907 -0.07079445 -0.01847243  1.04148472  1.0625      0.57947058\n","  -0.14091918 -0.34146494 -0.30354942 -0.20798148 -0.18556809 -0.25810329\n","  -0.34576281]\n"," [-0.11613063  0.58601074  0.41719254  0.76421642  0.53212388  0.82878543\n","  -0.10271868 -0.08596018 -0.10696748 -0.11578797 -0.00826747 -0.14241766\n","   0.95624846  0.19753795  0.56396142  0.68163178  0.57947058  1.0625\n","   0.17152435 -0.12772174 -0.01886388 -0.02523498 -0.02549619 -0.00309688\n","  -0.13370133]\n"," [-0.64529954 -0.22842389 -0.28454876  0.76405417  0.92575446  0.63143721\n","   0.55800876  0.72375274  0.59349959  0.38309581  0.46111905  0.49642856\n","   0.01503806  1.0478373   0.60150029 -0.01955809 -0.14091918  0.17152435\n","   1.0625      0.47610006  0.72861322  0.39993873  0.33279934  0.40978427\n","   0.47800926]\n"," [-0.48804873 -0.40787527 -0.48004254  0.26517369  0.46130695  0.16918618\n","   1.05388583  0.91218169  1.04051525  1.04644292  1.03589396  1.06005232\n","  -0.26147139  0.37455519  0.20470119 -0.29536834 -0.34146494 -0.12772174\n","   0.47610006  1.0625      0.96349358  1.02888765  1.00729169  1.0240471\n","   1.06239924]\n"," [-0.51549188 -0.36424769 -0.44921122  0.49052519  0.70371283  0.37785893\n","   1.00999919  1.04260092  1.02665961  0.88270275  0.91676143  0.98008274\n","  -0.18677733  0.63357538  0.46328171 -0.20688979 -0.30354942 -0.01886388\n","   0.72861322  0.96349358  1.0625      0.88727303  0.83022326  0.87465406\n","   0.96613751]\n"," [-0.54845191 -0.39157668 -0.48731407  0.30000102  0.44087234  0.21884708\n","   1.00621866  0.79964143  0.97967536  1.04746701  1.05201412  1.01279703\n","  -0.1237525   0.31975394  0.22103625 -0.16083241 -0.20798148 -0.02523498\n","   0.39993873  1.02888765  0.88727303  1.0625      1.05806559  1.05567718\n","   1.02538538]\n"," [-0.53662515 -0.38376262 -0.47826843  0.25893246  0.38336413  0.18556558\n","   0.97386135  0.73411808  0.94098748  1.04177086  1.04127857  0.98628683\n","  -0.10939415  0.25760724  0.17387711 -0.14811971 -0.18556809 -0.02549619\n","   0.33279934  1.00729169  0.83022326  1.05806559  1.0625      1.05241952\n","   1.00288019]\n"," [-0.55839441 -0.38799435 -0.47348092  0.29681161  0.43900836  0.21533713\n","   0.99620047  0.77579829  0.96561056  1.04541976  1.05887268  1.00431649\n","  -0.12620562  0.3268547   0.24268429 -0.2058504  -0.25810329 -0.00309688\n","   0.40978427  1.0240471   0.87465406  1.05567718  1.05241952  1.0625\n","   1.02010804]\n"," [-0.4823345  -0.40727896 -0.47830475  0.26232591  0.46087679  0.16584677\n","   1.05472473  0.91727747  1.04222623  1.04438522  1.03274412  1.06081659\n","  -0.26782463  0.37555448  0.20272661 -0.29998684 -0.34576281 -0.13370133\n","   0.47800926  1.06239924  0.96613751  1.02538538  1.00288019  1.02010804\n","   1.0625    ]]\n"]}]},{"cell_type":"code","metadata":{"id":"JUigmATsqk3N"},"source":["eig_vals, eig_vecs = np.linalg.eig(covariance_matrix)"],"execution_count":null,"outputs":[]},{"cell_type":"code","metadata":{"colab":{"base_uri":"https://localhost:8080/"},"id":"546YWsnLq4Iy","outputId":"edfcf5c0-976d-4437-e635-aa29e3905561"},"source":["eig_vals"],"execution_count":null,"outputs":[{"output_type":"execute_result","data":{"text/plain":["array([ 1.41393282e+01,  6.35490696e+00,  2.60776362e+00,  1.25936979e+00,\n","        9.12909840e-01,  5.00905697e-01,  2.97218368e-01,  2.16194737e-01,\n","        1.17578555e-01,  7.75569328e-02,  5.72792560e-02,  1.58763648e-02,\n","        2.63189783e-03,  1.92534433e-03,  9.96349280e-04,  5.81355942e-05,\n","        5.87552956e-16, -5.83573485e-16,  4.45933810e-16,  3.75084309e-16,\n","       -3.59281162e-16, -2.61739446e-16, -1.18472335e-16,  7.49143371e-17,\n","        2.00737065e-17])"]},"metadata":{},"execution_count":56}]},{"cell_type":"markdown","metadata":{"id":"WmpmIPceq82d"},"source":["* 53 % 데이터 사용"]},{"cell_type":"code","metadata":{"colab":{"base_uri":"https://localhost:8080/"},"id":"RTAtHh2sq7U0","outputId":"39c0acb3-605a-49d8-cfc4-fcfdc2c8cb1f"},"source":["eig_vals[0] / sum(eig_vals)"],"execution_count":null,"outputs":[{"output_type":"execute_result","data":{"text/plain":["0.5323041186443811"]},"metadata":{},"execution_count":58}]},{"cell_type":"code","metadata":{"id":"QvYg1D3srSJB"},"source":["projected_X = x_std.dot(eig_vecs.T[0])"],"execution_count":null,"outputs":[]},{"cell_type":"markdown","metadata":{"id":"zayE_7fsrznd"},"source":["* pca"]},{"cell_type":"code","metadata":{"id":"jmAmk8Norn2g"},"source":["from sklearn.decomposition import PCA\n","pca = PCA(n_components = 3)\n","principalComponents = pca.fit_transform(x)\n","principalDf = pd.DataFrame(data=principalComponents, columns=['principal component1', 'principal component2', 'principal component3'])"],"execution_count":null,"outputs":[]},{"cell_type":"code","metadata":{"colab":{"base_uri":"https://localhost:8080/","height":204},"id":"iLCk7RqBrrkk","outputId":"f336f291-9727-4242-9aaa-b9d3f037547a"},"source":["principalDf.head()"],"execution_count":null,"outputs":[{"output_type":"execute_result","data":{"text/html":["<div>\n","<style scoped>\n","    .dataframe tbody tr th:only-of-type {\n","        vertical-align: middle;\n","    }\n","\n","    .dataframe tbody tr th {\n","        vertical-align: top;\n","    }\n","\n","    .dataframe thead th {\n","        text-align: right;\n","    }\n","</style>\n","<table border=\"1\" class=\"dataframe\">\n","  <thead>\n","    <tr style=\"text-align: right;\">\n","      <th></th>\n","      <th>principal component1</th>\n","      <th>principal component2</th>\n","      <th>principal component3</th>\n","    </tr>\n","  </thead>\n","  <tbody>\n","    <tr>\n","      <th>0</th>\n","      <td>-5.300721e+09</td>\n","      <td>-1663.006664</td>\n","      <td>-2.055332</td>\n","    </tr>\n","    <tr>\n","      <th>1</th>\n","      <td>-5.135885e+09</td>\n","      <td>4219.248223</td>\n","      <td>-0.413166</td>\n","    </tr>\n","    <tr>\n","      <th>2</th>\n","      <td>-5.022441e+09</td>\n","      <td>-599.774087</td>\n","      <td>2.181092</td>\n","    </tr>\n","    <tr>\n","      <th>3</th>\n","      <td>-4.842700e+09</td>\n","      <td>-1059.868766</td>\n","      <td>-1.796943</td>\n","    </tr>\n","    <tr>\n","      <th>4</th>\n","      <td>-5.404822e+09</td>\n","      <td>969.111163</td>\n","      <td>11.774111</td>\n","    </tr>\n","  </tbody>\n","</table>\n","</div>"],"text/plain":["   principal component1  principal component2  principal component3\n","0         -5.300721e+09          -1663.006664             -2.055332\n","1         -5.135885e+09           4219.248223             -0.413166\n","2         -5.022441e+09           -599.774087              2.181092\n","3         -4.842700e+09          -1059.868766             -1.796943\n","4         -5.404822e+09            969.111163             11.774111"]},"metadata":{},"execution_count":61}]},{"cell_type":"code","metadata":{"colab":{"base_uri":"https://localhost:8080/"},"id":"DhDLaMtsruP7","outputId":"6423cc66-5b86-43e1-cb8a-a5c02b9df84d"},"source":["pca.explained_variance_ratio_ * 100"],"execution_count":null,"outputs":[{"output_type":"execute_result","data":{"text/plain":["array([1.00000000e+02, 2.44232717e-11, 4.42399076e-17])"]},"metadata":{},"execution_count":62}]},{"cell_type":"code","metadata":{"colab":{"base_uri":"https://localhost:8080/"},"id":"PS8oV63ohgX6","outputId":"efda70e7-1001-4f77-dcaf-cc20ffae07e1"},"source":["# PCA 모델링 \n","from sklearn.decomposition import PCA\n","\n","pca = PCA()\n","pca.fit(x_scaled)\n","\n","# data transform\n","x_pca = pca.transform(x_scaled)\n","\n","# data shape\n","print(f'original data: {str(x_scaled.shape)}')\n","print(f'transform data: {str(x_pca.shape)}')"],"execution_count":null,"outputs":[{"output_type":"stream","name":"stdout","text":["original data: (17, 25)\n","transform data: (17, 17)\n"]}]},{"cell_type":"code","metadata":{"colab":{"base_uri":"https://localhost:8080/","height":542},"id":"TRhsDslSkelW","outputId":"9afcd54c-a7a9-4d76-a06b-90bf6b217e99"},"source":["import plotly.express as px\n","\n","data = data\n","features = ['인구당 요양급여비', '인구당 입내원일수', '천명당 의료인수', '천명당 의사수', '천명당 간호사수', '면적당 의료인수',\n","       '면적당 의료인수(상급)', '면적당 의료인수(상급+종합)', '면적당 의료인수(종합)', '면적당 의료인수(병원)',\n","       '면적당 의료인수(의원)', '천명당 병상수', '천명당 요양기관수', '천명당 요양기관수(상급)',\n","       '천명당 요양기관수(상급+종합)', '천명당 요양기관수(종합)', '천명당 요양기관수(병원)', '천명당 요양기관수(의원)',\n","       '면적당 요양기관수', '면적당 요양기관수(상급)', '면적당 요양기관수(상급+종합)', '면적당 요양기관수(종합)',\n","       '면적당 요양기관수(병원)', '면적당 요양기관수(의원)']\n","\n","pca = PCA()\n","components = pca.fit_transform(data[features])\n","labels = {\n","    str(i): f\"PC {i+1} ({var:.1f}%)\"\n","    for i, var in enumerate(pca.explained_variance_ratio_ * 100)\n","}\n","\n","fig = px.scatter_matrix(\n","    components,\n","    labels=labels,\n","    dimensions = range(3),\n","    color = data[\"Label\"]\n",")\n","fig.update_traces(diagonal_visible=False)\n","fig.show()"],"execution_count":null,"outputs":[{"output_type":"display_data","data":{"text/html":["<html>\n","<head><meta charset=\"utf-8\" /></head>\n","<body>\n","    <div>\n","            <script src=\"https://cdnjs.cloudflare.com/ajax/libs/mathjax/2.7.5/MathJax.js?config=TeX-AMS-MML_SVG\"></script><script type=\"text/javascript\">if (window.MathJax) {MathJax.Hub.Config({SVG: {font: \"STIX-Web\"}});}</script>\n","                <script type=\"text/javascript\">window.PlotlyConfig = {MathJaxConfig: 'local'};</script>\n","        <script src=\"https://cdn.plot.ly/plotly-latest.min.js\"></script>    \n","            <div id=\"da07b28d-32c3-4d0d-b444-7411e6b2b6aa\" class=\"plotly-graph-div\" style=\"height:525px; width:100%;\"></div>\n","            <script type=\"text/javascript\">\n","                \n","                    window.PLOTLYENV=window.PLOTLYENV || {};\n","                    \n","                if (document.getElementById(\"da07b28d-32c3-4d0d-b444-7411e6b2b6aa\")) {\n","                    Plotly.newPlot(\n","                        'da07b28d-32c3-4d0d-b444-7411e6b2b6aa',\n","                        [{\"diagonal\": {\"visible\": false}, \"dimensions\": [{\"axis\": {\"matches\": true}, \"label\": \"PC 1 (100.0%)\", \"values\": [-5300720939.57109, -4842700090.070944, 2339582778.9296026, 6439251534.1313, 4634415618.629782]}, {\"axis\": {\"matches\": true}, \"label\": \"PC 2 (0.0%)\", \"values\": [-1663.006663760935, -1059.8687663812614, 591.8485541578627, 7766.813932507903, 1144.058336964296]}, {\"axis\": {\"matches\": true}, \"label\": \"PC 3 (0.0%)\", \"values\": [-2.0553315928127156, -1.79694300275383, -3.0772088773389186, -4.211907208429131, 1.9334503655340713]}], \"hoverlabel\": {\"namelength\": 0}, \"hovertemplate\": \"color=\\ubcf4\\ud1b5<br>%{xaxis.title.text}=%{x}<br>%{yaxis.title.text}=%{y}\", \"legendgroup\": \"color=\\ubcf4\\ud1b5\", \"marker\": {\"color\": \"#636efa\", \"symbol\": \"circle\"}, \"name\": \"color=\\ubcf4\\ud1b5\", \"showlegend\": true, \"type\": \"splom\"}, {\"diagonal\": {\"visible\": false}, \"dimensions\": [{\"axis\": {\"matches\": true}, \"label\": \"PC 1 (100.0%)\", \"values\": [-5135884527.969774, -5404821680.370506, -4843919126.770661, 2163181038.330148]}, {\"axis\": {\"matches\": true}, \"label\": \"PC 2 (0.0%)\", \"values\": [4219.248223461598, 969.1111629856631, 206.90363660034578, 3064.321513105719]}, {\"axis\": {\"matches\": true}, \"label\": \"PC 3 (0.0%)\", \"values\": [-0.41316615624307007, 11.774110778918681, -2.190639446877661, 2.446369734763406]}], \"hoverlabel\": {\"namelength\": 0}, \"hovertemplate\": \"color=\\uc6b0\\uc218<br>%{xaxis.title.text}=%{x}<br>%{yaxis.title.text}=%{y}\", \"legendgroup\": \"color=\\uc6b0\\uc218\", \"marker\": {\"color\": \"#EF553B\", \"symbol\": \"circle\"}, \"name\": \"color=\\uc6b0\\uc218\", \"showlegend\": true, \"type\": \"splom\"}, {\"diagonal\": {\"visible\": false}, \"dimensions\": [{\"axis\": {\"matches\": true}, \"label\": \"PC 1 (100.0%)\", \"values\": [-5022440633.670847, 1500861994.8292327, 13127385182.729633, -4055730551.7707524]}, {\"axis\": {\"matches\": true}, \"label\": \"PC 2 (0.0%)\", \"values\": [-599.7740872144136, -973.2327762000865, -476.17837582509213, -288.5733464740604]}, {\"axis\": {\"matches\": true}, \"label\": \"PC 3 (0.0%)\", \"values\": [2.181091703655287, -0.4996606700377461, 2.248376187448845, -7.076178495327758]}], \"hoverlabel\": {\"namelength\": 0}, \"hovertemplate\": \"color=\\ub9e4\\uc6b0\\uc5f4\\uc545<br>%{xaxis.title.text}=%{x}<br>%{yaxis.title.text}=%{y}\", \"legendgroup\": \"color=\\ub9e4\\uc6b0\\uc5f4\\uc545\", \"marker\": {\"color\": \"#00cc96\", \"symbol\": \"circle\"}, \"name\": \"color=\\ub9e4\\uc6b0\\uc5f4\\uc545\", \"showlegend\": true, \"type\": \"splom\"}, {\"diagonal\": {\"visible\": false}, \"dimensions\": [{\"axis\": {\"matches\": true}, \"label\": \"PC 1 (100.0%)\", \"values\": [-5366331426.270931, 4286556305.328199, -5441008260.9712715, 10922322784.528889]}, {\"axis\": {\"matches\": true}, \"label\": \"PC 2 (0.0%)\", \"values\": [-949.0101956069686, -5927.109835451147, -2462.224822583325, -3563.326490286102]}, {\"axis\": {\"matches\": true}, \"label\": \"PC 3 (0.0%)\", \"values\": [2.942522912999979, -2.877324923079866, -1.5672364843157471, 2.239675173896191]}], \"hoverlabel\": {\"namelength\": 0}, \"hovertemplate\": \"color=\\uc5f4\\uc545<br>%{xaxis.title.text}=%{x}<br>%{yaxis.title.text}=%{y}\", \"legendgroup\": \"color=\\uc5f4\\uc545\", \"marker\": {\"color\": \"#ab63fa\", \"symbol\": \"circle\"}, \"name\": \"color=\\uc5f4\\uc545\", \"showlegend\": true, \"type\": \"splom\"}],\n","                        {\"dragmode\": \"select\", \"legend\": {\"tracegroupgap\": 0}, \"margin\": {\"t\": 60}, \"template\": {\"data\": {\"bar\": [{\"error_x\": {\"color\": \"#2a3f5f\"}, \"error_y\": {\"color\": \"#2a3f5f\"}, \"marker\": {\"line\": {\"color\": \"#E5ECF6\", \"width\": 0.5}}, \"type\": \"bar\"}], \"barpolar\": [{\"marker\": {\"line\": {\"color\": \"#E5ECF6\", \"width\": 0.5}}, \"type\": \"barpolar\"}], \"carpet\": [{\"aaxis\": {\"endlinecolor\": \"#2a3f5f\", \"gridcolor\": \"white\", \"linecolor\": \"white\", \"minorgridcolor\": \"white\", \"startlinecolor\": \"#2a3f5f\"}, \"baxis\": {\"endlinecolor\": \"#2a3f5f\", \"gridcolor\": \"white\", \"linecolor\": \"white\", \"minorgridcolor\": \"white\", \"startlinecolor\": \"#2a3f5f\"}, \"type\": \"carpet\"}], \"choropleth\": [{\"colorbar\": {\"outlinewidth\": 0, \"ticks\": \"\"}, \"type\": \"choropleth\"}], \"contour\": [{\"colorbar\": {\"outlinewidth\": 0, \"ticks\": \"\"}, \"colorscale\": [[0.0, \"#0d0887\"], [0.1111111111111111, \"#46039f\"], [0.2222222222222222, \"#7201a8\"], [0.3333333333333333, \"#9c179e\"], [0.4444444444444444, \"#bd3786\"], [0.5555555555555556, \"#d8576b\"], [0.6666666666666666, \"#ed7953\"], [0.7777777777777778, \"#fb9f3a\"], [0.8888888888888888, \"#fdca26\"], [1.0, \"#f0f921\"]], \"type\": \"contour\"}], \"contourcarpet\": [{\"colorbar\": {\"outlinewidth\": 0, \"ticks\": \"\"}, \"type\": \"contourcarpet\"}], \"heatmap\": [{\"colorbar\": {\"outlinewidth\": 0, \"ticks\": \"\"}, \"colorscale\": [[0.0, \"#0d0887\"], [0.1111111111111111, \"#46039f\"], [0.2222222222222222, \"#7201a8\"], [0.3333333333333333, \"#9c179e\"], [0.4444444444444444, \"#bd3786\"], [0.5555555555555556, \"#d8576b\"], [0.6666666666666666, \"#ed7953\"], [0.7777777777777778, \"#fb9f3a\"], [0.8888888888888888, \"#fdca26\"], [1.0, \"#f0f921\"]], \"type\": \"heatmap\"}], \"heatmapgl\": [{\"colorbar\": {\"outlinewidth\": 0, \"ticks\": \"\"}, \"colorscale\": [[0.0, \"#0d0887\"], [0.1111111111111111, \"#46039f\"], [0.2222222222222222, \"#7201a8\"], [0.3333333333333333, \"#9c179e\"], [0.4444444444444444, \"#bd3786\"], [0.5555555555555556, \"#d8576b\"], [0.6666666666666666, \"#ed7953\"], [0.7777777777777778, \"#fb9f3a\"], [0.8888888888888888, \"#fdca26\"], [1.0, \"#f0f921\"]], \"type\": \"heatmapgl\"}], \"histogram\": [{\"marker\": {\"colorbar\": {\"outlinewidth\": 0, \"ticks\": \"\"}}, \"type\": \"histogram\"}], \"histogram2d\": [{\"colorbar\": {\"outlinewidth\": 0, \"ticks\": \"\"}, \"colorscale\": [[0.0, \"#0d0887\"], [0.1111111111111111, \"#46039f\"], [0.2222222222222222, \"#7201a8\"], [0.3333333333333333, \"#9c179e\"], [0.4444444444444444, \"#bd3786\"], [0.5555555555555556, \"#d8576b\"], [0.6666666666666666, \"#ed7953\"], [0.7777777777777778, \"#fb9f3a\"], [0.8888888888888888, \"#fdca26\"], [1.0, \"#f0f921\"]], \"type\": \"histogram2d\"}], \"histogram2dcontour\": [{\"colorbar\": {\"outlinewidth\": 0, \"ticks\": \"\"}, \"colorscale\": [[0.0, \"#0d0887\"], [0.1111111111111111, \"#46039f\"], [0.2222222222222222, \"#7201a8\"], [0.3333333333333333, \"#9c179e\"], [0.4444444444444444, \"#bd3786\"], [0.5555555555555556, \"#d8576b\"], [0.6666666666666666, \"#ed7953\"], [0.7777777777777778, \"#fb9f3a\"], [0.8888888888888888, \"#fdca26\"], [1.0, \"#f0f921\"]], \"type\": \"histogram2dcontour\"}], \"mesh3d\": [{\"colorbar\": {\"outlinewidth\": 0, \"ticks\": \"\"}, \"type\": \"mesh3d\"}], \"parcoords\": [{\"line\": {\"colorbar\": {\"outlinewidth\": 0, \"ticks\": \"\"}}, \"type\": \"parcoords\"}], \"pie\": [{\"automargin\": true, \"type\": \"pie\"}], \"scatter\": [{\"marker\": {\"colorbar\": {\"outlinewidth\": 0, \"ticks\": \"\"}}, \"type\": \"scatter\"}], \"scatter3d\": [{\"line\": {\"colorbar\": {\"outlinewidth\": 0, \"ticks\": \"\"}}, \"marker\": {\"colorbar\": {\"outlinewidth\": 0, \"ticks\": \"\"}}, \"type\": \"scatter3d\"}], \"scattercarpet\": [{\"marker\": {\"colorbar\": {\"outlinewidth\": 0, \"ticks\": \"\"}}, \"type\": \"scattercarpet\"}], \"scattergeo\": [{\"marker\": {\"colorbar\": {\"outlinewidth\": 0, \"ticks\": \"\"}}, \"type\": \"scattergeo\"}], \"scattergl\": [{\"marker\": {\"colorbar\": {\"outlinewidth\": 0, \"ticks\": \"\"}}, \"type\": \"scattergl\"}], \"scattermapbox\": [{\"marker\": {\"colorbar\": {\"outlinewidth\": 0, \"ticks\": \"\"}}, \"type\": \"scattermapbox\"}], \"scatterpolar\": [{\"marker\": {\"colorbar\": {\"outlinewidth\": 0, \"ticks\": \"\"}}, \"type\": \"scatterpolar\"}], \"scatterpolargl\": [{\"marker\": {\"colorbar\": {\"outlinewidth\": 0, \"ticks\": \"\"}}, \"type\": \"scatterpolargl\"}], \"scatterternary\": [{\"marker\": {\"colorbar\": {\"outlinewidth\": 0, \"ticks\": \"\"}}, \"type\": \"scatterternary\"}], \"surface\": [{\"colorbar\": {\"outlinewidth\": 0, \"ticks\": \"\"}, \"colorscale\": [[0.0, \"#0d0887\"], [0.1111111111111111, \"#46039f\"], [0.2222222222222222, \"#7201a8\"], [0.3333333333333333, \"#9c179e\"], [0.4444444444444444, \"#bd3786\"], [0.5555555555555556, \"#d8576b\"], [0.6666666666666666, \"#ed7953\"], [0.7777777777777778, \"#fb9f3a\"], [0.8888888888888888, \"#fdca26\"], [1.0, \"#f0f921\"]], \"type\": \"surface\"}], \"table\": [{\"cells\": {\"fill\": {\"color\": \"#EBF0F8\"}, \"line\": {\"color\": \"white\"}}, \"header\": {